Frequency(Hz),Power(dBm),Power_real(dBm)
10000000,-89.99797058,-89.95903128
16990000,-121.7083435,-121.6575327
23980000,-90.33776855,-90.27735086
30970000,-122.8352585,-122.7665457
37960000,-91.17431641,-91.09819232
44950000,-123.3665619,-123.2836743
51940000,-90.57323456,-90.48408448
58930000,-120.2710419,-120.1760321
65920000,-90.67177582,-90.57123898
72910000,-121.9324493,-121.8266665
79900000,-89.40859985,-89.29781248
86890000,-122.5197144,-122.4041328
93880000,-88.19340515,-88.07321481
100870000,-122.4860687,-122.3614346
107860000,-85.52971649,-85.40078686
114850000,-124.8380508,-124.7049596
121840000,-89.17411804,-89.03698713
128830000,-123.0175629,-122.8765039
135820000,-90.09879303,-89.95390845
142810000,-122.7515488,-122.6029334
149800000,-89.18546295,-89.0332047
156790000,-121.6234207,-121.4676014
163780000,-88.96450806,-88.80520401
170770000,-121.1406631,-120.9779459
177760000,-90.82474518,-90.658682
184750000,-124.0690613,-123.8997154
191740000,-89.69958496,-89.52701609
198730000,-122.3621063,-122.1863709
205720000,-90.13706207,-89.95821369
212710000,-121.715271,-121.5333604
219700000,-90.69113922,-90.50621479
226690000,-121.5828247,-121.3949325
233680000,-90.23258972,-90.04177358
240670000,-124.0109634,-123.8172653
247660000,-90.42896271,-90.23242286
254650000,-125.5911102,-125.391767
261640000,-90.8482132,-90.64610362
268630000,-122.8566284,-122.6517878
275620000,-88.63516998,-88.42763244
282610000,-121.8587494,-121.6485477
289600000,-89.21026611,-88.99743174
296590000,-121.6856079,-121.4701713
303580000,-90.28559113,-90.06758165
310570000,-120.8839188,-120.6633648
317560000,-89.61203003,-89.38895887
324550000,-121.9852142,-121.7596524
331540000,-90.55529785,-90.327271
338530000,-128.8756866,-128.6452196
345520000,-90.00815582,-89.77527264
352510000,-122.6833878,-122.4481118
359500000,-90.93092346,-90.69327735
366490000,-126.0541916,-125.8141973
373480000,-90.8293457,-90.58702464
380470000,-126.9058762,-126.6612491
387460000,-90.95777893,-90.71086603
394450000,-121.4811935,-121.2320144
401440000,-85.46892548,-85.21749936
408430000,-126.6825867,-126.4289322
415420000,-89.76742554,-89.51156077
422410000,-124.8078384,-124.5497811
429400000,-89.36161804,-89.10138545
436390000,-119.7803879,-119.5179969
443380000,-89.57917023,-89.31463722
450370000,-127.0375214,-126.7708625
457360000,-79.61743927,-79.34867007
464350000,-122.0308304,-121.7599663
471340000,-89.51304626,-89.24010217
478330000,-123.7141266,-123.4391172
485320000,-89.40300751,-89.12594714
492310000,-125.1710434,-124.8919461
499300000,-89.6875,-89.40637944
506290000,-120.4839859,-120.2008555
513280000,-89.77895355,-89.49382654
520270000,-121.1843872,-120.8972764
527260000,-89.58460236,-89.29552046
534250000,-123.2318344,-122.9407938
541240000,-80.71841431,-80.42542706
548230000,-122.4437943,-122.1488723
555220000,-86.28941345,-85.99256846
562210000,-122.4449081,-122.1461515
569200000,-90.07595062,-89.77529373
576190000,-126.0819855,-125.7794393
583180000,-89.98755646,-89.68313182
590170000,-127.3993073,-127.0930148
597160000,-89.45691681,-89.14876699
604150000,-120.5821533,-120.2721564
611140000,-89.52397919,-89.21214529
618130000,-121.0882568,-120.7745958
625120000,-89.43701935,-89.12154105
632110000,-123.0030518,-122.6857658
639100000,-77.05460358,-76.73551924
646090000,-121.8538437,-121.5329703
653080000,-80.22689819,-79.90424493
660070000,-117.5945129,-117.2700887
667060000,-76.53527069,-76.20908443
674050000,-126.973793,-126.6458534
681040000,-86.6286087,-86.29892424
688030000,-119.6283722,-119.2969514
695020000,-86.71008301,-86.37693409
702010000,-119.2641678,-118.929299
709000000,-89.20998383,-88.87340317
715990000,-127.3159409,-126.9776563
722980000,-88.90829468,-88.56831403
729970000,-119.4561615,-119.1144925
736960000,-88.58478546,-88.24143567
743950000,-131.005127,-130.6601039
750940000,-89.19734955,-88.85066059
757930000,-121.6684647,-121.3201171
764920000,-88.75718689,-88.4071879
771910000,-123.3536835,-123.0020402
778900000,-64.9763031,-64.62302241
785890000,-98.42232513,-98.06741399
792880000,-65.29410553,-64.93757073
799870000,-118.5189133,-118.1607616
806860000,-89.27892303,-88.91916097
813850000,-119.97052,-119.6091542
820840000,-87.85542297,-87.49245981
827830000,-119.1110687,-118.7465146
834820000,-89.27624512,-88.91010636
841810000,-118.9842606,-118.6165434
848800000,-88.79304504,-88.42375553
855790000,-123.3239899,-122.9531341
862780000,-79.38525391,-79.01283789
869770000,-119.7881165,-119.4141461
876760000,-82.46909332,-82.09357446
883750000,-120.2167053,-119.8396437
890740000,-88.25359344,-87.87499482
897730000,-118.6832886,-118.3031586
904720000,-87.88032532,-87.4986695
911710000,-125.2100754,-124.8268993
918700000,-82.07224274,-81.68755175
925690000,-120.2801819,-119.8939814
932680000,-56.53792191,-56.15021728
939670000,-114.5534058,-114.1642023
946660000,-63.97062302,-63.5799258
953650000,-115.9728622,-115.5806764
960640000,-82.2400589,-81.84638968
967630000,-118.2025986,-117.807451
974620000,-89.1233902,-88.72676911
981610000,-117.8380814,-117.4399918
988600000,-88.79762268,-88.39806942
995590000,-124.940239,-124.5392269
1002580000,-88.79218292,-88.38971678
1009570000,-122.7969589,-122.3930434
1016560000,-89.26567841,-88.86031828
1023550000,-123.5177231,-123.1109229
1030540000,-87.65962219,-87.25138657
1037530000,-123.1657333,-122.7560667
1044520000,-89.12020874,-88.70911574
1051510000,-122.3563919,-121.9438769
1058500000,-88.94634247,-88.53240986
1065490000,-118.9123154,-118.4969695
1072480000,-88.79628754,-88.37953273
1079470000,-119.6179123,-119.1997528
1086460000,-88.6752243,-88.25566435
1093450000,-133.6677094,-133.2467532
1100440000,-88.87937927,-88.45703093
1107430000,-121.0752106,-120.6514742
1114420000,-88.89047241,-88.4653521
1121410000,-120.183403,-119.7569028
1128400000,-89.24034119,-88.81246502
1135390000,-120.7868652,-120.3576171
1142380000,-89.23338318,-88.80276698
1149370000,-118.4090958,-117.9771154
1156360000,-88.52046204,-88.08712132
1163350000,-121.3325958,-120.8978986
1170340000,-88.80493927,-88.36888929
1177330000,-120.4711456,-120.0337466
1184320000,-89.27214813,-88.83340386
1191310000,-119.8992081,-119.4591222
1198300000,-88.26230621,-87.82088236
1205290000,-116.6486282,-116.20587
1212280000,-88.90479279,-88.46070381
1219270000,-119.8062668,-119.3608506
1226260000,-89.04574585,-88.59900595
1233250000,-120.5566101,-120.10855
1240240000,-88.55436707,-88.1049902
1247230000,-121.1907043,-120.7400141
1254220000,-87.64430237,-87.19230227
1261210000,-116.7189865,-116.2656799
1268200000,-87.81445313,-87.35984329
1275190000,-125.8512115,-125.3953018
1282180000,-88.20901489,-87.75180858
1289170000,-120.7103195,-120.2518199
1296160000,-86.45730591,-85.99751619
1303150000,-122.2847519,-121.8236753
1310140000,-88.33750916,-87.87514888
1317130000,-118.6272736,-118.1636328
1324120000,-87.67199707,-87.20707888
1331110000,-121.3117371,-120.8455446
1338100000,-88.88964844,-88.42218477
1345090000,-117.8134613,-117.3447295
1352080000,-87.76290131,-87.29290441
1359070000,-120.5429688,-120.0717098
1366060000,-87.8289032,-87.35638513
1373050000,-121.3135986,-120.8398244
1380040000,-87.2401886,-86.76516124
1387030000,-119.5740967,-119.0978191
1394020000,-88.56897736,-88.0914524
1401010000,-119.71978,-119.2410106
1408000000,-88.38440704,-87.904396
1414990000,-120.7656784,-120.2844286
1421980000,-86.85076904,-86.36828326
1428970000,-126.9151154,-126.4313965
1435960000,-88.10334015,-87.61839082
1442950000,-117.1221695,-116.6359925
1449940000,-88.6890564,-88.20165453
1456930000,-118.9353104,-118.4466863
1463920000,-88.26020813,-87.77036458
1470910000,-126.9933701,-126.5023097
1477900000,-88.00051117,-87.50823665
1484890000,-123.7039032,-123.2104172
1491880000,-88.77067566,-88.27598072
1498870000,-121.9740753,-121.4781741
1505860000,-87.58528137,-87.08817641
1512850000,-119.4638748,-118.9655687
1519840000,-88,-87.50049528
1526830000,-122.7122116,-122.2115108
1533820000,-87.95321655,-87.45132219
1540810000,-130.4128723,-129.9097869
1547800000,-87.84008026,-87.33580624
1554790000,-121.618576,-121.1131158
1561780000,-86.95233154,-86.4456877
1568770000,-120.0995255,-119.5917004
1575760000,-87.6230545,-87.11405056
1582750000,-120.8138809,-120.3037005
1589740000,-87.68887329,-87.17751883
1596730000,-120.3472672,-119.834741
1603720000,-87.50743866,-86.99374314
1610710000,-123.774704,-123.2598415
1617700000,-88.16283417,-87.64680693
1624690000,-120.8245468,-120.3073572
1631680000,-86.63926697,-86.12091721
1638670000,-118.4778214,-117.9583138
1645660000,-87.06277466,-86.54211149
1652650000,-118.7886658,-118.2668493
1659640000,-87.8340683,-87.31110069
1666630000,-117.8509216,-117.3268051
1673620000,-87.35821533,-86.83295216
1680610000,-121.1332016,-120.6067939
1687600000,-87.31177521,-86.78422522
1694590000,-121.1400452,-120.6113551
1701580000,-87.01249695,-86.4826688
1708570000,-121.8966141,-121.3656501
1715560000,-85.75512695,-85.22302917
1722550000,-116.0256882,-115.4924588
1729540000,-84.3742218,-83.83986284
1736530000,-123.9713516,-123.4358652
1743520000,-87.21000671,-86.6733949
1750510000,-123.4154816,-122.8777465
1757500000,-86.5135498,-85.97469337
1764490000,-119.5674744,-119.0274987
1771480000,-86.85308075,-86.31198784
1778470000,-129.0747681,-128.53256
1785460000,-87.45105743,-86.90773608
1792450000,-119.9331207,-119.3886881
1799440000,-64.88892365,-64.34338181
1806430000,-119.0886307,-118.5419816
1813420000,-55.72822189,-55.18046741
1820410000,-104.2125626,-103.6637047
1827400000,-61.52451324,-60.97455388
1834390000,-101.9228592,-101.3718003
1841380000,-52.80040359,-52.24824703
1848370000,-115.9014206,-115.3481683
1855360000,-62.7289772,-62.17463103
1862350000,-116.0506439,-115.4952057
1869340000,-56.00967407,-55.45314578
1876330000,-111.5491867,-110.9915701
1883320000,-58.4631691,-57.90446612
1890310000,-120.3758621,-119.8160745
1897300000,-86.85956573,-86.29869539
1904290000,-118.6917648,-118.1298135
1911280000,-86.72865295,-86.1656225
1918270000,-116.5246658,-115.960558
1925260000,-86.83837128,-86.2731879
1932250000,-119.2265625,-118.6603053
1939240000,-86.91780853,-86.35047932
1946230000,-121.9275665,-121.359167
1953220000,-86.16750336,-85.59803533
1960210000,-123.0235901,-122.4530553
1967200000,-86.47663116,-85.90503126
1974190000,-122.0296097,-121.4569465
1981180000,-86.16419983,-85.59047494
1988170000,-123.1496124,-122.5748276
1995160000,-86.57681274,-86.00096965
2002150000,-119.4880905,-118.9111908
2009140000,-86.52903748,-85.95108291
2016130000,-118.6943054,-118.1152976
2023120000,-87.4713974,-86.89133802
2030110000,-117.0935059,-116.5123966
2037100000,-87.17453003,-86.59237242
2044090000,-118.4827423,-117.899538
2051080000,-87.09158325,-86.50733393
2058070000,-115.1395035,-114.5542108
2065060000,-86.58365631,-85.99732174
2072050000,-119.6650848,-119.07771
2079040000,-85.6547699,-85.06635646
2086030000,-117.3562851,-116.7668346
2093020000,-85.66699219,-85.07650621
2100010000,-124.9790421,-124.3875222
2107000000,-75.93757629,-75.34502403
2113990000,-115.0544052,-114.4608221
2120980000,-75.8167038,-75.22209146
2127970000,-120.1315842,-119.5359441
2134960000,-66.98773956,-66.39107328
2141950000,-102.9141541,-102.3164631
2148940000,-65.06272125,-64.4640071
2155930000,-113.8907166,-113.2909808
2162920000,-60.30062866,-59.69987266
2169910000,-118.1087952,-117.5070205
2176900000,-85.30166626,-84.69887437
2183890000,-118.676796,-118.0729884
2190880000,-86.06826782,-85.46344595
2197870000,-116.1385269,-115.5326922
2204860000,-86.14079285,-85.53394684
2211850000,-119.0626526,-118.4547967
2218840000,-85.80847168,-85.19960732
2225830000,-119.3879395,-118.7780681
2232820000,-86.07711029,-85.46623331
2239810000,-119.6228943,-119.0110131
2246800000,-87.09927368,-86.48638977
2253790000,-120.8300476,-120.2161623
2260780000,-85.05665588,-84.44177067
2267770000,-121.0735703,-120.4576865
2274760000,-85.80710602,-85.19022508
2281750000,-117.1044922,-116.4866155
2288740000,-84.72982788,-84.11095674
2295730000,-112.7436905,-112.1238263
2302720000,-85.55519867,-84.93434281
2309710000,-119.2728195,-118.6509733
2316700000,-84.1882019,-83.56536674
2323690000,-118.454834,-117.8310112
2330680000,-83.68618011,-83.06137102
2337670000,-114.3492813,-113.7234873
2344660000,-85.11326599,-84.48648831
2351650000,-119.0503769,-118.4226169
2358640000,-81.45723724,-80.82849624
2365630000,-114.1148071,-113.4850864
2372620000,-81.05187988,-80.4211808
2379610000,-123.0394516,-122.4077754
2386600000,-83.26251221,-82.62986024
2393590000,-117.826973,-117.1933465
2400580000,-56.08695221,-55.45235249
2407570000,-114.0736847,-113.438113
2414560000,-42.3755188,-41.73897642
2421550000,-118.3971481,-117.7596363
2428540000,-72.0078125,-71.36933252
2435530000,-120.6736069,-120.03416
2442520000,-83.94100189,-83.30058932
2449510000,-119.7993088,-119.1579318
2456500000,-79.75449371,-79.11215351
2463490000,-121.7416763,-121.0983741
2470480000,-84.31744385,-83.67318095
2477470000,-116.6006699,-115.9554475
2484460000,-85.08535767,-84.43917695
2491450000,-119.2492294,-118.6020916
2498440000,-83.19165039,-82.54355669
2505430000,-117.9514465,-117.3023981
2512420000,-84.41131592,-83.76131404
2519410000,-113.8388062,-113.187852
2526400000,-84.99525452,-84.34334922
2533390000,-117.0055771,-116.3527219
2540380000,-83.74822235,-83.09441836
2547370000,-116.3028412,-115.6480896
2554360000,-84.30775452,-83.65205651
2561350000,-118.4320145,-117.7753712
2568340000,-84.88352966,-84.22594228
2575330000,-122.3001404,-121.6416101
2582320000,-84.64097595,-83.98150381
2589310000,-118.2277908,-117.567378
2596300000,-85.3717804,-84.71042806
2603290000,-116.4389725,-115.7766818
2610280000,-83.71069336,-83.04746535
2617270000,-119.7188721,-119.0547079
2624260000,-84.65041351,-83.98531433
2631250000,-115.8723602,-115.2063271
2638240000,-85.19378662,-84.52682073
2645230000,-117.9784546,-117.310557
2652220000,-84.24224091,-83.57341274
2659210000,-113.5604706,-112.8907129
2666200000,-83.60131836,-82.93063229
2673190000,-115.4701538,-114.7985404
2680180000,-83.86045837,-83.18791876
2687170000,-117.6078949,-116.9344301
2694160000,-85.13851929,-84.46413046
2701150000,-118.9182129,-118.2429011
2708140000,-83.78580475,-83.10957098
2715130000,-117.1808929,-116.5037383
2722120000,-84.38545227,-83.70737782
2729110000,-120.717186,-120.0381928
2736100000,-85.07861328,-84.39870237
2743090000,-116.9840317,-116.3032041
2750080000,-84.76933289,-84.08758971
2757070000,-117.7798386,-117.0971808
2764060000,-83.98535156,-83.30178026
2771050000,-115.091568,-114.4070842
2778040000,-85.13732147,-84.45192618
2785030000,-120.3819885,-119.6956828
2792020000,-84.40000916,-83.71279398
2799010000,-120.6731339,-119.9850103
2806000000,-84.33007813,-83.64104712
2812990000,-113.4004669,-112.7105295
2819980000,-84.291008,-83.60016519
2826970000,-116.5645599,-115.8728127
2833960000,-84.51115417,-83.81850357
2840950000,-115.8809662,-115.1874132
2847940000,-85.61294556,-84.91849114
2854930000,-116.7294617,-116.0341068
2861920000,-84.96614838,-84.26989408
2868910000,-120.7302704,-120.0331176
2875900000,-84.86898041,-84.17093015
2882890000,-121.0364685,-120.3375217
2889880000,-85.07391357,-84.37407124
2896870000,-119.0590897,-118.3583528
2903860000,-84.90370178,-84.20207123
2910850000,-116.1378403,-115.4353171
2917840000,-84.27088928,-83.56747435
2924830000,-115.5575409,-114.8532352
2931820000,-84.92865753,-84.22346202
2938810000,-124.0048599,-123.2987755
2945800000,-84.57366943,-83.86669712
2952790000,-116.7802658,-116.0724065
2959780000,-84.87277985,-84.16403448
2966770000,-117.4332657,-116.7236352
2973760000,-85.09810638,-84.38759168
2980750000,-117.864769,-117.153371
2987740000,-84.98081207,-84.26853174
2994730000,-115.8926849,-115.1795231
3001720000,-84.57675171,-83.86270941
3008710000,-114.9403763,-114.2254544
3015700000,-84.26384735,-83.54804674
3022690000,-118.9673615,-118.2506831
3029680000,-84.47407532,-83.75652001
3036670000,-117.5025864,-116.7841551
3043660000,-84.21760559,-83.49829918
3050650000,-115.2214508,-114.5012702
3057640000,-84.43179321,-83.71073926
3064630000,-114.6772385,-113.9553121
3071620000,-84.4094162,-83.68661827
3078610000,-114.3056946,-113.582026
3085600000,-85.08091736,-84.35637896
3092590000,-118.5352707,-117.8098634
3099580000,-83.48323822,-82.75696286
3106570000,-121.2895584,-120.5624159
3113560000,-84.60191345,-83.87390459
3120550000,-120.885498,-120.1566237
3127540000,-85.00022125,-84.27048235
3134530000,-115.6825638,-114.9519612
3141520000,-84.70328522,-83.9718197
3148510000,-112.9229202,-112.1905927
3155500000,-84.06968689,-83.33649816
3162490000,-114.1084671,-113.374418
3169480000,-84.32949829,-83.59458974
3176470000,-118.6268768,-117.8911096
3183460000,-84.94493866,-84.20831364
3190450000,-121.3224945,-120.5850125
3197440000,-83.11280823,-82.37447008
3204430000,-115.8016891,-115.0624956
3211420000,-83.19061279,-82.45056482
3218410000,-125.812706,-125.0718044
3225400000,-84.91413879,-84.1723843
3232390000,-116.4940414,-115.7514349
3239380000,-85.07667542,-84.33321768
3246370000,-121.5834122,-120.8391041
3253360000,-84.39653778,-83.65138005
3260350000,-117.3390656,-116.5930591
3267340000,-83.33946991,-82.59261541
3274330000,-118.7090302,-117.9613285
3281320000,-83.76602173,-83.01747367
3288310000,-114.7796936,-114.0303
3295300000,-84.23912048,-83.48888206
3302290000,-115.265625,-114.5145426
3309280000,-83.85997772,-83.1080521
3316270000,-117.2651901,-116.5124221
3323260000,-83.52950287,-82.7758932
3330250000,-114.2874756,-113.5330251
3337240000,-84.82220459,-84.066914
3344230000,-114.8091888,-114.0530589
3351220000,-85.11542511,-84.35845671
3358210000,-115.5326157,-114.7748096
3365200000,-84.07505035,-83.31640723
3372190000,-115.7141418,-114.9546625
3379180000,-84.22597504,-83.46566028
3386170000,-115.7525635,-114.9914141
3393160000,-85.26389313,-84.50190977
3400150000,-114.5155563,-113.7527398
3407140000,-84.60552216,-83.84187324
3414130000,-113.9358521,-113.1713715
3421120000,-84.94029236,-84.17498089
3428110000,-114.1070251,-113.3408835
3435100000,-84.75679779,-83.98982676
3442090000,-114.8392715,-114.0714718
3449080000,-84.29832458,-83.52969698
3456070000,-120.2629852,-119.4935304
3463060000,-83.5430603,-82.77277908
3470050000,-122.8532867,-122.0821798
3477040000,-85.31600189,-84.54407
3484030000,-118.8202209,-118.0474648
3491020000,-85.11125183,-84.33767219
3498010000,-117.5485687,-116.7741663
3505000000,-84.78645325,-84.01122877
3511990000,-119.1673889,-118.3913431
3518980000,-84.39159393,-83.61472749
3525970000,-117.3121109,-116.5344246
3532960000,-84.74411011,-83.96560459
3539950000,-115.7790222,-114.9996982
3546940000,-84.87365723,-84.09351548
3553930000,-115.0507431,-114.2697843
3560920000,-85.71416473,-84.93238959
3567910000,-116.2160797,-115.4334889
3574900000,-83.8313446,-83.04793889
3581890000,-118.8385773,-118.0543574
3588880000,-84.36576843,-83.58073496
3595870000,-114.6215134,-113.8356671
3602860000,-84.24729919,-83.46064074
3609850000,-121.7095642,-120.9220943
3616840000,-86.60961151,-85.82133086
3623830000,-116.3397903,-115.5506996
3630820000,-86.47519684,-85.68529674
3637810000,-121.4909973,-120.7002885
3644800000,-85.84426117,-85.05274437
3651790000,-118.7869186,-117.9945945
3658780000,-85.39849854,-84.60536775
3665770000,-118.8542709,-118.0603341
3672760000,-86.02449799,-85.22975593
3679750000,-121.2108154,-120.4152687
3686740000,-86.83303833,-86.03668769
3693730000,-122.0185242,-121.2213703
3700720000,-87.21107483,-86.41311829
3707710000,-125.4892349,-124.6904764
3714700000,-86.58372498,-85.7841652
3721690000,-119.3830032,-118.5826428
3728680000,-87.70553589,-86.90437552
3735670000,-118.8020096,-118.0000499
3742660000,-86.8454895,-86.04273117
3749650000,-116.5712509,-115.7676946
3756640000,-87.23186493,-86.42751126
3763630000,-116.1364288,-115.3312784
3770620000,-87.21599579,-86.41004938
3777610000,-120.6345596,-119.8278178
3784600000,-87.30615997,-86.49862341
3791590000,-117.0900116,-116.2816809
3798580000,-86.90381622,-86.09469209
3805570000,-119.0928497,-118.2829327
3812560000,-87.44249725,-86.63178811
3819550000,-123.5005264,-122.6890257
3826540000,-87.28733063,-86.47503902
3833530000,-118.4775467,-117.6644648
3840520000,-87.48861694,-86.6747454
3847510000,-118.8150024,-118.0003418
3854500000,-88.02934265,-87.2138937
3861490000,-121.8964767,-121.08024
3868480000,-86.88995361,-86.07292975
3875470000,-120.987236,-120.1694256
3882460000,-87.62219238,-86.8035961
3889450000,-117.2522888,-116.4329072
3896440000,-87.45222473,-86.63205851
3903430000,-118.870369,-118.0494187
3910420000,-87.5641098,-86.74237611
3917410000,-118.5884857,-117.7659692
3924400000,-86.72201538,-85.89871667
3931390000,-124.0914001,-123.2673198
3938380000,-88.42861938,-87.60375809
3945370000,-121.1617889,-120.3361472
3952360000,-88.2355957,-87.40917425
3959350000,-121.0321503,-120.2049497
3966340000,-87.1939621,-86.3659829
3973330000,-116.544136,-115.7153788
3980320000,-89.00249481,-88.17296027
3987310000,-122.0072479,-121.1769366
3994300000,-88.73095703,-87.89986953
4001290000,-124.0049286,-123.1730655
4008280000,-89.1829834,-88.35034531
4015270000,-122.5165939,-121.6831814
4022260000,-88.4257431,-87.59155679
4029250000,-123.7452011,-122.9102416
4036240000,-88.87164307,-88.03591089
4043230000,-117.6797256,-116.8432214
4050220000,-88.60542297,-87.76814726
4057210000,-122.9678574,-122.1298108
4064200000,-88.62604523,-87.78722831
4071190000,-122.7718124,-121.9322257
4078180000,-89.10048676,-88.26013095
4085170000,-122.5824051,-121.7412807
4092160000,-89.59030914,-88.74841674
4099150000,-121.5140228,-120.671363
4106140000,-88.25587463,-87.41244793
4113130000,-117.916069,-117.071876
4120120000,-89.51210785,-88.66714912
4127110000,-121.7961197,-120.9503958
4134100000,-88.17604065,-87.32955217
4141090000,-119.3049164,-118.4576639
4148080000,-88.33243561,-87.48441963
4155070000,-119.4600906,-118.6113117
4162060000,-88.67766571,-87.82812447
4169050000,-123.7241669,-122.8738639
4176040000,-88.85715485,-88.00609059
4183030000,-118.7044296,-117.8526047
4190020000,-87.54647064,-86.69388557
4197010000,-119.8104401,-118.9570955
4204000000,-89.61340332,-88.75929966
4210990000,-118.3117371,-117.456875
4217980000,-89.48728943,-88.63166938
4224970000,-121.3384476,-120.4820702
4231960000,-89.56954956,-88.7124153
4238950000,-128.5057373,-127.6478468
4245940000,-88.06507874,-87.20643246
4252930000,-119.3152237,-118.4558222
4259920000,-89.59860229,-88.73844615
4266910000,-119.8209076,-118.9599973
4273900000,-88.47753906,-87.61587521
4280890000,-121.7970123,-120.9345954
4287880000,-89.73314667,-88.86997727
4294870000,-121.1046753,-120.2407539
4301860000,-89.12651825,-88.26184542
4308850000,-119.0363159,-118.1708922
4315840000,-89.50267029,-88.63649616
4322830000,-119.3270874,-118.4601634
4329820000,-88.50793457,-87.64026126
4336810000,-121.894783,-121.0263609
4343800000,-88.85250854,-87.98333815
4350790000,-119.3179703,-118.4480522
4357780000,-89.57846069,-88.70779531
4364770000,-125.3906326,-124.5192205
4371760000,-90.21112061,-89.33896233
4378750000,-127.363945,-126.491041
4385740000,-89.15296936,-88.27932025
4392730000,-118.2594376,-117.3850439
4399720000,-89.02945709,-88.15431922
4406710000,-119.533165,-118.6572835
4413700000,-89.88440704,-89.00778246
4420690000,-123.4331665,-122.5557993
4427680000,-88.68534088,-87.80723164
4434670000,-121.9584351,-121.0795843
4441660000,-89.98072815,-89.10113628
4448650000,-127.0112228,-126.1308904
4455640000,-89.29904938,-88.4179769
4462630000,-117.7381363,-116.8563243
4469620000,-88.77030182,-87.88775075
4476610000,-119.0830917,-118.1998021
4483600000,-89.87490082,-88.99087317
4490590000,-120.4050827,-119.5203175
4497580000,-90.13098907,-89.24548683
4504570000,-123.191452,-122.3052132
4511560000,-89.06640625,-88.17943141
4518550000,-124.0181351,-123.1304247
4525540000,-89.47537231,-88.58692685
4532530000,-121.7939835,-120.9048035
4539520000,-88.30543518,-87.41552107
4546510000,-125.6228104,-124.7321627
4553500000,-89.62103271,-88.72965191
4560490000,-121.24366,-120.3515466
4567480000,-89.18247986,-88.28963432
4574470000,-120.8279648,-119.9343876
4581460000,-88.54200745,-87.64769911
4588450000,-123.2731476,-122.3781086
4595440000,-89.29868317,-88.40291397
4602430000,-121.7218628,-120.8253639
4609420000,-89.40631104,-88.5090829
4616410000,-120.2980804,-119.4001235
4623400000,-89.6463623,-88.74767713
4630390000,-120.2136688,-119.3142558
4637380000,-88.55496979,-87.6548295
4644370000,-119.3755646,-118.4746975
4651360000,-89.9666748,-89.0650813
4658350000,-119.6537094,-118.75139
4665340000,-89.96440125,-89.06135642
4672330000,-120.426712,-119.5229422
4679320000,-88.9597168,-88.05522252
4686310000,-120.5833206,-119.6781023
4693300000,-89.2889328,-88.38299094
4700290000,-120.353035,-119.4463701
4707280000,-88.71038055,-87.80299298
4714270000,-118.7639313,-117.8558216
4721260000,-89.6577301,-88.74889868
4728250000,-119.8447952,-118.9352425
4735240000,-88.89063263,-87.9803592
4742230000,-124.7309952,-123.8200015
4749220000,-89.58657074,-88.67485714
4756210000,-121.4787598,-120.5663268
4763200000,-88.83689117,-87.92373924
4770190000,-124.8318024,-123.917932
4777180000,-89.80509186,-88.89050342
4784170000,-117.6960602,-116.7807542
4791160000,-88.66661835,-87.75059521
4798150000,-121.8891525,-120.9724127
4805140000,-88.88108063,-87.9636246
4812130000,-121.5390091,-120.6208373
4819120000,-89.7779541,-88.85906698
4826110000,-120.4423523,-119.5227503
4833100000,-89.03568268,-88.11536627
4840090000,-125.5129395,-124.5919091
4847080000,-88.03299713,-87.11125321
4854070000,-122.5370178,-121.6145608
4861060000,-88.60607147,-87.68290181
4868050000,-120.0635834,-119.1397015
4875040000,-88.91051483,-87.9859212
4882030000,-123.0357208,-122.1104159
4889020000,-88.53896332,-87.61294749
4896010000,-122.1410751,-121.2143488
4903000000,-89.35654449,-88.42910821
4909990000,-121.7982864,-120.8701405
4916980000,-89.25819397,-88.32933898
4923970000,-120.2274551,-119.2978914
4930960000,-88.96429443,-88.03402247
4937950000,-117.3586197,-116.4276399
4944940000,-88.71439362,-87.78270643
4951930000,-126.1807709,-125.2483767
4958920000,-89.24355316,-88.31045246
4965910000,-117.7440796,-116.8102728
4972900000,-88.68148804,-87.74697554
4979890000,-121.7906265,-120.8554087
4986880000,-88.22450256,-87.28857998
4993870000,-121.9850235,-121.0483965
5000860000,-89.01595306,-88.0786221
5007850000,-118.4503174,-117.5122829
5014840000,-86.46152496,-85.52278731
5021830000,-117.6191711,-116.6797307
5028820000,-88.34838867,-87.40824602
5035810000,-120.0807266,-119.1398821
5042800000,-87.69117737,-86.7496314
5049790000,-124.6179733,-123.6757263
5056780000,-88.11533356,-87.17238595
5063770000,-121.694725,-120.7510772
5070760000,-87.7330246,-86.78867701
5077750000,-118.3728027,-117.4277557
5084740000,-87.53508759,-86.58934168
5091730000,-122.394043,-121.4475986
5098720000,-87.9226532,-86.97551063
5105710000,-122.4104843,-121.462644
5112700000,-88.21424866,-87.26571107
5119690000,-124.3505859,-123.4013514
5126680000,-88.54372406,-87.59379309
5133670000,-116.5158997,-115.5652727
5140660000,-88.70443726,-87.75311455
5147650000,-123.0358353,-122.0838173
5154640000,-88.06148529,-87.10877246
5161630000,-117.2350082,-116.2816009
5168620000,-88.65139008,-87.69728876
5175610000,-119.3444519,-118.3896569
5182600000,-87.73939514,-86.78390693
5189590000,-118.9695511,-118.0133701
5196580000,-87.93192291,-86.97504942
5203570000,-122.6931915,-121.735626
5210560000,-88.68945313,-87.73119597
5217550000,-118.7380066,-117.7790582
5224540000,-88.39019775,-87.4305585
5231530000,-120.1583633,-119.1980336
5238520000,-88.59999084,-87.6389711
5245510000,-117.7844238,-116.8227144
5252500000,-87.93042755,-86.96802889
5259490000,-119.1609726,-118.1978851
5266480000,-88.79524231,-87.83146631
5273470000,-116.6658401,-115.701376
5280460000,-88.72480774,-87.75965597
5287450000,-121.0638199,-120.0979808
5294440000,-87.1927948,-86.22626883
5301430000,-122.1863022,-121.2190897
5308420000,-88.19506836,-87.22716973
5315410000,-120.2644424,-119.295858
5322400000,-87.84352112,-86.87425139
5329390000,-118.3901062,-117.4201515
5336380000,-88.30713654,-87.33649725
5343370000,-122.3996277,-121.4283042
5350360000,-87.09313965,-86.12113234
5357350000,-117.8003616,-116.8276709
5364340000,-88.72421265,-87.75083885
5371330000,-115.355072,-114.3810155
5378320000,-87.76467896,-86.7899402
5385310000,-124.9621582,-123.9867375
5392300000,-86.18897247,-85.21287027
5399290000,-130.6275482,-129.6507648
5406280000,-88.08512878,-87.10766465
5413270000,-119.2541199,-118.2759754
5420260000,-88.22216797,-87.24334342
5427250000,-121.967453,-120.9879488
5434240000,-88.2093277,-87.22914423
5441230000,-118.8691635,-117.8883011
5448220000,-88.14870453,-87.16716364
5455210000,-123.4323044,-122.4500854
5462200000,-87.93367004,-86.95077321
5469190000,-120.1572647,-119.1736905
5476180000,-88.03308105,-87.04882978
5483170000,-115.6413574,-114.6564295
5490160000,-88.21382904,-87.2282248
5497150000,-118.7369461,-117.7506659
5504140000,-87.27384186,-86.28688613
5511130000,-122.9720917,-121.9844608
5518120000,-86.95877838,-85.97047262
5525110000,-117.8256683,-116.8366881
5532100000,-86.59398651,-85.60433219
5539090000,-117.5455627,-116.5552346
5546080000,-87.16398621,-86.17298478
5553070000,-122.5813065,-121.5896321
5560060000,-86.91468811,-85.92234103
5567050000,-119.7478409,-118.7548215
5574040000,-87.35255432,-86.35886303
5581030000,-123.3241425,-122.3297796
5588020000,-87.59765625,-86.60262219
5595010000,-118.0492935,-117.0535886
5602000000,-87.55443573,-86.55806034
5608990000,-121.8011703,-120.8041248
5615980000,-87.57344055,-86.57572526
5622970000,-118.049736,-117.0513513
5629960000,-88.00413513,-87.00508136
5636950000,-118.5392227,-117.5395002
5643940000,-87.59533691,-86.59494608
5650930000,-119.5282669,-118.5272081
5657920000,-86.66575623,-85.66402976
5664910000,-123.0954742,-122.0930804
5671900000,-88.10476685,-87.10170614
5678890000,-119.5459976,-118.5422703
5685880000,-88.21209717,-87.20770363
5692870000,-122.0525665,-121.0475071
5699860000,-87.73721313,-86.73148815
5706850000,-121.2315979,-120.2252077
5713840000,-86.98926544,-85.98221042
5720830000,-115.9687576,-114.9610381
5727820000,-87.85767365,-86.84928998
5734810000,-119.4829712,-118.4739237
5741800000,-87.02716064,-86.0174497
5748790000,-126.4760132,-125.4656391
5755780000,-86.69879913,-85.68776229
5762770000,-117.9978714,-116.9861721
5769760000,-87.71500397,-86.70264261
5776750000,-119.2922058,-118.2791827
5783740000,-58.89085007,-57.87716556
5790730000,-118.9181824,-117.9038368
5797720000,-87.90431976,-86.88931346
5804710000,-132.121933,-131.1062663
5811700000,-87.00430298,-85.98797625
5818690000,-121.80439,-120.7874036
5825680000,-87.47441101,-86.4567652
5832670000,-117.7893829,-116.7710781
5839660000,-87.22622681,-86.20726327
5846650000,-117.9522552,-116.9326333
5853640000,-87.54542542,-86.5251455
5860630000,-123.008812,-121.9878744
5867620000,-86.79040527,-85.7688103
5874610000,-120.425148,-119.402896
5881600000,-87.65624237,-86.63333369
5888590000,-121.3862457,-120.3626807
5895580000,-86.77593994,-85.75171887
5902570000,-118.8888168,-117.86394
5909560000,-87.2155838,-86.19005167
5916550000,-120.0201263,-118.9939391
5923540000,-86.60344696,-85.57660509
5930530000,-121.9657211,-120.9382249
5937520000,-87.60450745,-86.57635715
5944510000,-121.9229279,-120.8941239
5951500000,-86.97144318,-85.94198577
5958490000,-117.6498489,-116.6197384
5965480000,-86.41176605,-85.38100283
5972470000,-117.9070206,-116.875605
5979460000,-86.89942932,-85.86736159
5986450000,-119.7378235,-118.705104
5993440000,-87.52861023,-86.49523929
6000430000,-117.5546112,-116.5205891
6007420000,-86.02793121,-84.99325835
6014410000,-122.0591888,-121.0238655
6021400000,-87.03779602,-86.00182252
6028390000,-121.9421005,-120.9054772
6035380000,-86.22145844,-85.18418559
6042370000,-118.392067,-117.354145
6049360000,-86.85527802,-85.8167071
6056350000,-119.4970093,-118.4577898
6063340000,-86.49693298,-85.45706526
6070330000,-122.6390305,-121.5985149
6077320000,-86.93995667,-85.89879343
6084310000,-117.4185104,-116.3766999
6091300000,-86.9434967,-85.9010392
6098290000,-119.2262115,-118.1831073
6105280000,-87.35623932,-86.31248882
6112270000,-121.1207581,-120.0763616
6119260000,-87.21107483,-86.16603258
6126250000,-120.1065598,-119.0608721
6133240000,-86.15518951,-85.10885677
6140230000,-122.5381927,-121.4912152
6147220000,-86.68772125,-85.64009927
6154210000,-121.0456772,-119.9974111
6161200000,-87.15829468,-86.1093847
6168190000,-118.9126892,-117.8631357
6175180000,-87.09858704,-86.0483903
6182170000,-121.7127533,-120.6619136
6189160000,-86.43628693,-85.38480466
6196150000,-119.8094635,-118.7573389
6203140000,-87.79116821,-86.73840165
6210130000,-122.6209183,-121.5675101
6217120000,-87.83816528,-86.78411565
6224110000,-118.5981903,-117.5434996
6231100000,-86.43467712,-85.37934565
6238090000,-118.7116699,-117.655698
6245080000,-86.34369659,-85.28708449
6252070000,-115.8691254,-114.8118734
6259060000,-86.64278412,-85.58489261
6266050000,-115.8856277,-114.8270969
6273040000,-86.32968903,-85.27051932
6280030000,-122.8511124,-121.791304
6287020000,-86.00118256,-84.94073586
6294010000,-116.7507019,-115.6896172
6301000000,-87.11200714,-86.05028465
6307990000,-116.3205185,-115.2581586
6314980000,-86.62585449,-85.56285741
6321970000,-120.4881668,-119.4245329
6328960000,-87.24665833,-86.18238785
6335950000,-116.025856,-114.9609493
6342940000,-86.80269623,-85.73715355
6349930000,-123.820755,-122.7545767
6356920000,-86.71084595,-85.64403225
6363910000,-119.6447601,-118.5773113
6370900000,-87.41673279,-86.34864925
6377890000,-117.4426346,-116.3739166
6384880000,-86.58761597,-85.51826377
6391870000,-117.6886139,-116.6186278
6398860000,-87.13247681,-86.06185713
6405850000,-117.9083786,-116.8371256
6412840000,-85.41342163,-84.34153564
6419830000,-118.9108963,-117.8383776
6426820000,-84.45862579,-83.38547465
6433810000,-117.0732193,-115.999436
6440800000,-86.99360657,-85.91919145
6447790000,-118.1558228,-117.0807761
6454780000,-87.67665863,-86.60098069
6461770000,-118.5077286,-117.4314197
6468760000,-86.81936646,-85.74242686
6475750000,-124.3978806,-123.3203106
6482740000,-87.53171539,-86.45351528
6489730000,-123.7776337,-122.6988038
6496720000,-86.39321899,-85.31375951
6503710000,-120.6826859,-119.6025972
6510700000,-86.87172699,-85.79100929
6517690000,-119.8238983,-118.7425519
6524680000,-86.76475525,-85.68278047
6531670000,-126.4328079,-125.350205
6538660000,-86.91887665,-85.83564593
6545650000,-121.9659042,-120.8820459
6552640000,-86.5146637,-85.43017818
6559630000,-119.1704636,-118.0853511
6566620000,-86.94837189,-85.86263269
6573610000,-121.8798752,-120.7935096
6580600000,-88.00439453,-86.91740278
6587590000,-118.6354752,-117.5478576
6594580000,-87.09328461,-86.00504143
6601570000,-119.7308426,-118.6419741
6608560000,-86.86618042,-85.77668694
6615550000,-119.4888763,-118.3987581
6622540000,-87.34759521,-86.25685254
6629530000,-117.552269,-116.4609021
6636520000,-85.6569519,-84.56496115
6643510000,-119.1662979,-118.0736835
6650500000,-86.33812714,-85.24488942
6657490000,-120.4047852,-119.3109244
6664480000,-87.11026764,-86.01578405
6671470000,-119.4206161,-118.32551
6678460000,-87.03848267,-85.94275432
6685450000,-123.1344299,-122.0380796
6692440000,-87.03692627,-85.93995425
6699430000,-123.1156464,-122.018053
6706420000,-86.02474213,-84.92652755
6713410000,-120.9263611,-119.8275256
6720400000,-87.00567627,-85.90622021
6727390000,-118.1936035,-117.0935271
6734380000,-87.18691254,-86.08621609
6741370000,-120.6189117,-119.5175955
6748360000,-87.24979401,-86.14785825
6755350000,-117.889801,-116.787246
6762340000,-86.28044128,-85.1772673
6769330000,-118.9903107,-117.886518
6776320000,-87.23144531,-86.12703418
6783310000,-117.5656738,-116.4606445
6790300000,-85.26203156,-84.15638436
6797290000,-120.8278885,-119.7216237
6804280000,-86.11334229,-85.00646009
6811270000,-115.6027374,-114.4952381
6818260000,-84.79679871,-83.68868258
6825250000,-120.2063904,-119.0976577
6832240000,-85.96279144,-84.85344245
6839230000,-120.7692795,-119.6593145
6846220000,-85.14081573,-84.03023493
6853210000,-117.162117,-116.0509207
6860200000,-86.98846436,-85.87665281
6867190000,-121.2023087,-120.0898822
6874180000,-85.9703598,-84.85731856
6881170000,-116.294281,-115.1806253
6888160000,-86.62250519,-85.50823531
6895150000,-118.4307251,-117.3158413
6902140000,-86.31162262,-85.19612515
6909130000,-118.4074936,-117.2913827
6916120000,-87.37718964,-86.26046563
6923110000,-123.0813828,-121.9640459
6930100000,-85.23404694,-84.11609742
6937090000,-117.0307083,-115.9121464
6944080000,-86.7469635,-85.62778952
6951070000,-124.4755859,-123.3558001
6958060000,-85.85971069,-84.73931328
6965050000,-119.7735062,-118.6524975
6972040000,-86.02124023,-84.89962043
6979030000,-116.3746414,-115.2524108
6986020000,-86.12989807,-85.0070569
6993010000,-119.7823257,-118.6588742
7000000000,-86.39633942,-85.27227791
