Frequency (Hz),Power (dBm)
10000000,-89.9979705810547
16990000,-121.708343505859
23980000,-90.3377685546875
30970000,-122.835258483887
37960000,-91.17431640625
44950000,-123.366561889648
51940000,-90.5732345581055
58930000,-120.271041870117
65920000,-90.6717758178711
72910000,-121.93244934082
79900000,-89.4085998535156
86890000,-122.519714355469
93880000,-88.1934051513672
100870000,-122.486068725586
107860000,-85.5297164916992
114850000,-124.838050842285
121840000,-89.1741180419922
128830000,-123.017562866211
135820000,-90.0987930297852
142810000,-122.75154876709
149800000,-89.1854629516602
156790000,-121.623420715332
163780000,-88.9645080566406
170770000,-121.140663146973
177760000,-90.8247451782227
184750000,-124.069061279297
191740000,-89.6995849609375
198730000,-122.362106323242
205720000,-90.1370620727539
212710000,-121.715270996094
219700000,-90.6911392211914
226690000,-121.582824707031
233680000,-90.2325897216797
240670000,-124.010963439941
247660000,-90.4289627075195
254650000,-125.591110229492
261640000,-90.8482131958008
268630000,-122.856628417969
275620000,-88.6351699829102
282610000,-121.858749389648
289600000,-89.2102661132813
296590000,-121.685607910156
303580000,-90.2855911254883
310570000,-120.883918762207
317560000,-89.6120300292969
324550000,-121.985214233398
331540000,-90.5552978515625
338530000,-128.875686645508
345520000,-90.0081558227539
352510000,-122.683387756348
359500000,-90.9309234619141
366490000,-126.054191589355
373480000,-90.829345703125
380470000,-126.905876159668
387460000,-90.9577789306641
394450000,-121.48119354248
401440000,-85.4689254760742
408430000,-126.682586669922
415420000,-89.7674255371094
422410000,-124.807838439941
429400000,-89.3616180419922
436390000,-119.780387878418
443380000,-89.5791702270508
450370000,-127.037521362305
457360000,-79.6174392700195
464350000,-122.030830383301
471340000,-89.5130462646484
478330000,-123.714126586914
485320000,-89.4030075073242
492310000,-125.171043395996
499300000,-89.6875
506290000,-120.483985900879
513280000,-89.7789535522461
520270000,-121.184387207031
527260000,-89.584602355957
534250000,-123.231834411621
541240000,-80.7184143066406
548230000,-122.443794250488
555220000,-86.2894134521484
562210000,-122.44490814209
569200000,-90.0759506225586
576190000,-126.081985473633
583180000,-89.9875564575195
590170000,-127.399307250977
597160000,-89.456916809082
604150000,-120.582153320313
611140000,-89.5239791870117
618130000,-121.088256835938
625120000,-89.4370193481445
632110000,-123.003051757813
639100000,-77.0546035766602
646090000,-121.853843688965
653080000,-80.2268981933594
660070000,-117.594512939453
667060000,-76.535270690918
674050000,-126.973793029785
681040000,-86.6286087036133
688030000,-119.628372192383
695020000,-86.7100830078125
702010000,-119.264167785645
709000000,-89.2099838256836
715990000,-127.315940856934
722980000,-88.9082946777344
729970000,-119.456161499023
736960000,-88.5847854614258
743950000,-131.005126953125
750940000,-89.1973495483398
757930000,-121.668464660645
764920000,-88.7571868896484
771910000,-123.35368347168
778900000,-64.9763031005859
785890000,-98.4223251342773
792880000,-65.2941055297852
799870000,-118.518913269043
806860000,-89.278923034668
813850000,-119.970520019531
820840000,-87.8554229736328
827830000,-119.111068725586
834820000,-89.2762451171875
841810000,-118.984260559082
848800000,-88.7930450439453
855790000,-123.323989868164
862780000,-79.38525390625
869770000,-119.788116455078
876760000,-82.4690933227539
883750000,-120.216705322266
890740000,-88.2535934448242
897730000,-118.683288574219
904720000,-87.8803253173828
911710000,-125.210075378418
918700000,-82.0722427368164
925690000,-120.280181884766
932680000,-56.5379219055176
939670000,-114.553405761719
946660000,-63.9706230163574
953650000,-115.972862243652
960640000,-82.2400588989258
967630000,-118.202598571777
974620000,-89.1233901977539
981610000,-117.838081359863
988600000,-88.7976226806641
995590000,-124.940238952637
1002580000,-88.7921829223633
1009570000,-122.79695892334
1016560000,-89.2656784057617
1023550000,-123.517723083496
1030540000,-87.6596221923828
1037530000,-123.165733337402
1044520000,-89.1202087402344
1051510000,-122.356391906738
1058500000,-88.9463424682617
1065490000,-118.912315368652
1072480000,-88.7962875366211
1079470000,-119.61791229248
1086460000,-88.6752243041992
1093450000,-133.667709350586
1100440000,-88.8793792724609
1107430000,-121.075210571289
1114420000,-88.8904724121094
1121410000,-120.183403015137
1128400000,-89.2403411865234
1135390000,-120.786865234375
1142380000,-89.2333831787109
1149370000,-118.40909576416
1156360000,-88.5204620361328
1163350000,-121.332595825195
1170340000,-88.8049392700195
1177330000,-120.471145629883
1184320000,-89.2721481323242
1191310000,-119.899208068848
1198300000,-88.2623062133789
1205290000,-116.648628234863
1212280000,-88.9047927856445
1219270000,-119.806266784668
1226260000,-89.0457458496094
1233250000,-120.556610107422
1240240000,-88.5543670654297
1247230000,-121.190704345703
1254220000,-87.6443023681641
1261210000,-116.71898651123
1268200000,-87.814453125
1275190000,-125.851211547852
1282180000,-88.2090148925781
1289170000,-120.710319519043
1296160000,-86.4573059082031
1303150000,-122.28475189209
1310140000,-88.3375091552734
1317130000,-118.62727355957
1324120000,-87.6719970703125
1331110000,-121.311737060547
1338100000,-88.8896484375
1345090000,-117.813461303711
1352080000,-87.7629013061523
1359070000,-120.54296875
1366060000,-87.8289031982422
1373050000,-121.313598632813
1380040000,-87.2401885986328
1387030000,-119.574096679688
1394020000,-88.568977355957
1401010000,-119.719779968262
1408000000,-88.384407043457
1414990000,-120.765678405762
1421980000,-86.8507690429688
1428970000,-126.915115356445
1435960000,-88.1033401489258
1442950000,-117.122169494629
1449940000,-88.6890563964844
1456930000,-118.93531036377
1463920000,-88.2602081298828
1470910000,-126.993370056152
1477900000,-88.0005111694336
1484890000,-123.703903198242
1491880000,-88.7706756591797
1498870000,-121.974075317383
1505860000,-87.5852813720703
1512850000,-119.463874816895
1519840000,-88
1526830000,-122.712211608887
1533820000,-87.9532165527344
1540810000,-130.412872314453
1547800000,-87.8400802612305
1554790000,-121.618576049805
1561780000,-86.9523315429688
1568770000,-120.09952545166
1575760000,-87.6230545043945
1582750000,-120.81388092041
1589740000,-87.6888732910156
1596730000,-120.347267150879
1603720000,-87.507438659668
1610710000,-123.774703979492
1617700000,-88.1628341674805
1624690000,-120.824546813965
1631680000,-86.6392669677734
1638670000,-118.477821350098
1645660000,-87.0627746582031
1652650000,-118.788665771484
1659640000,-87.8340682983398
1666630000,-117.850921630859
1673620000,-87.3582153320313
1680610000,-121.133201599121
1687600000,-87.3117752075195
1694590000,-121.140045166016
1701580000,-87.0124969482422
1708570000,-121.896614074707
1715560000,-85.755126953125
1722550000,-116.025688171387
1729540000,-84.3742218017578
1736530000,-123.971351623535
1743520000,-87.2100067138672
1750510000,-123.415481567383
1757500000,-86.5135498046875
1764490000,-119.567474365234
1771480000,-86.8530807495117
1778470000,-129.074768066406
1785460000,-87.451057434082
1792450000,-119.933120727539
1799440000,-64.8889236450195
1806430000,-119.08863067627
1813420000,-55.7282218933105
1820410000,-104.212562561035
1827400000,-61.5245132446289
1834390000,-101.922859191895
1841380000,-52.8004035949707
1848370000,-115.901420593262
1855360000,-62.7289772033691
1862350000,-116.050643920898
1869340000,-56.0096740722656
1876330000,-111.549186706543
1883320000,-58.4631690979004
1890310000,-120.375862121582
1897300000,-86.8595657348633
1904290000,-118.691764831543
1911280000,-86.7286529541016
1918270000,-116.52466583252
1925260000,-86.8383712768555
1932250000,-119.2265625
1939240000,-86.9178085327148
1946230000,-121.92756652832
1953220000,-86.1675033569336
1960210000,-123.023590087891
1967200000,-86.4766311645508
1974190000,-122.029609680176
1981180000,-86.1641998291016
1988170000,-123.149612426758
1995160000,-86.5768127441406
2002150000,-119.488090515137
2009140000,-86.5290374755859
2016130000,-118.694305419922
2023120000,-87.4713973999023
2030110000,-117.093505859375
2037100000,-87.1745300292969
2044090000,-118.48274230957
2051080000,-87.0915832519531
2058070000,-115.139503479004
2065060000,-86.5836563110352
2072050000,-119.665084838867
2079040000,-85.6547698974609
2086030000,-117.356285095215
2093020000,-85.6669921875
2100010000,-124.979042053223
2107000000,-75.9375762939453
2113990000,-115.054405212402
2120980000,-75.8167037963867
2127970000,-120.13158416748
2134960000,-66.9877395629883
2141950000,-102.914154052734
2148940000,-65.0627212524414
2155930000,-113.890716552734
2162920000,-60.3006286621094
2169910000,-118.108795166016
2176900000,-85.3016662597656
2183890000,-118.676795959473
2190880000,-86.0682678222656
2197870000,-116.138526916504
2204860000,-86.1407928466797
2211850000,-119.062652587891
2218840000,-85.8084716796875
2225830000,-119.387939453125
2232820000,-86.0771102905273
2239810000,-119.622894287109
2246800000,-87.0992736816406
2253790000,-120.830047607422
2260780000,-85.0566558837891
2267770000,-121.073570251465
2274760000,-85.8071060180664
2281750000,-117.1044921875
2288740000,-84.7298278808594
2295730000,-112.743690490723
2302720000,-85.5551986694336
2309710000,-119.272819519043
2316700000,-84.1882019042969
2323690000,-118.454833984375
2330680000,-83.6861801147461
2337670000,-114.349281311035
2344660000,-85.1132659912109
2351650000,-119.05037689209
2358640000,-81.4572372436523
2365630000,-114.114807128906
2372620000,-81.0518798828125
2379610000,-123.039451599121
2386600000,-83.2625122070313
2393590000,-117.826972961426
2400580000,-56.0869522094727
2407570000,-114.073684692383
2414560000,-42.3755187988281
2421550000,-118.397148132324
2428540000,-72.0078125
2435530000,-120.673606872559
2442520000,-83.9410018920898
2449510000,-119.799308776855
2456500000,-79.7544937133789
2463490000,-121.741676330566
2470480000,-84.3174438476563
2477470000,-116.60066986084
2484460000,-85.0853576660156
2491450000,-119.249229431152
2498440000,-83.191650390625
2505430000,-117.951446533203
2512420000,-84.4113159179688
2519410000,-113.838806152344
2526400000,-84.9952545166016
2533390000,-117.005577087402
2540380000,-83.7482223510742
2547370000,-116.302841186523
2554360000,-84.3077545166016
2561350000,-118.432014465332
2568340000,-84.8835296630859
2575330000,-122.300140380859
2582320000,-84.6409759521484
2589310000,-118.22779083252
2596300000,-85.3717803955078
2603290000,-116.438972473145
2610280000,-83.710693359375
2617270000,-119.718872070313
2624260000,-84.6504135131836
2631250000,-115.872360229492
2638240000,-85.1937866210938
2645230000,-117.978454589844
2652220000,-84.2422409057617
2659210000,-113.560470581055
2666200000,-83.601318359375
2673190000,-115.470153808594
2680180000,-83.8604583740234
2687170000,-117.607894897461
2694160000,-85.1385192871094
2701150000,-118.918212890625
2708140000,-83.7858047485352
2715130000,-117.180892944336
2722120000,-84.3854522705078
2729110000,-120.717185974121
2736100000,-85.07861328125
2743090000,-116.984031677246
2750080000,-84.7693328857422
2757070000,-117.779838562012
2764060000,-83.9853515625
2771050000,-115.091567993164
2778040000,-85.137321472168
2785030000,-120.381988525391
2792020000,-84.4000091552734
2799010000,-120.673133850098
2806000000,-84.330078125
2812990000,-113.400466918945
2819980000,-84.2910079956055
2826970000,-116.564559936523
2833960000,-84.5111541748047
2840950000,-115.880966186523
2847940000,-85.6129455566406
2854930000,-116.729461669922
2861920000,-84.9661483764648
2868910000,-120.730270385742
2875900000,-84.8689804077148
2882890000,-121.036468505859
2889880000,-85.0739135742188
2896870000,-119.059089660645
2903860000,-84.9037017822266
2910850000,-116.137840270996
2917840000,-84.2708892822266
2924830000,-115.557540893555
2931820000,-84.9286575317383
2938810000,-124.004859924316
2945800000,-84.5736694335938
2952790000,-116.780265808105
2959780000,-84.8727798461914
2966770000,-117.433265686035
2973760000,-85.0981063842773
2980750000,-117.864768981934
2987740000,-84.9808120727539
2994730000,-115.892684936523
3001720000,-84.5767517089844
3008710000,-114.940376281738
3015700000,-84.2638473510742
3022690000,-118.967361450195
3029680000,-84.4740753173828
3036670000,-117.502586364746
3043660000,-84.2176055908203
3050650000,-115.221450805664
3057640000,-84.4317932128906
3064630000,-114.677238464355
3071620000,-84.4094161987305
3078610000,-114.305694580078
3085600000,-85.0809173583984
3092590000,-118.535270690918
3099580000,-83.4832382202148
3106570000,-121.289558410645
3113560000,-84.6019134521484
3120550000,-120.885498046875
3127540000,-85.0002212524414
3134530000,-115.682563781738
3141520000,-84.7032852172852
3148510000,-112.922920227051
3155500000,-84.0696868896484
3162490000,-114.108467102051
3169480000,-84.3294982910156
3176470000,-118.626876831055
3183460000,-84.944938659668
3190450000,-121.322494506836
3197440000,-83.1128082275391
3204430000,-115.801689147949
3211420000,-83.1906127929688
3218410000,-125.812705993652
3225400000,-84.9141387939453
3232390000,-116.494041442871
3239380000,-85.0766754150391
3246370000,-121.58341217041
3253360000,-84.3965377807617
3260350000,-117.339065551758
3267340000,-83.339469909668
3274330000,-118.709030151367
3281320000,-83.7660217285156
3288310000,-114.779693603516
3295300000,-84.2391204833984
3302290000,-115.265625
3309280000,-83.859977722168
3316270000,-117.265190124512
3323260000,-83.5295028686523
3330250000,-114.287475585938
3337240000,-84.8222045898438
3344230000,-114.809188842773
3351220000,-85.1154251098633
3358210000,-115.532615661621
3365200000,-84.0750503540039
3372190000,-115.714141845703
3379180000,-84.2259750366211
3386170000,-115.752563476563
3393160000,-85.2638931274414
3400150000,-114.515556335449
3407140000,-84.6055221557617
3414130000,-113.935852050781
3421120000,-84.9402923583984
3428110000,-114.107025146484
3435100000,-84.7567977905273
3442090000,-114.83927154541
3449080000,-84.2983245849609
3456070000,-120.262985229492
3463060000,-83.5430603027344
3470050000,-122.853286743164
3477040000,-85.3160018920898
3484030000,-118.820220947266
3491020000,-85.1112518310547
3498010000,-117.548568725586
3505000000,-84.7864532470703
3511990000,-119.167388916016
3518980000,-84.3915939331055
3525970000,-117.312110900879
3532960000,-84.7441101074219
3539950000,-115.779022216797
3546940000,-84.8736572265625
3553930000,-115.050743103027
3560920000,-85.7141647338867
3567910000,-116.216079711914
3574900000,-83.8313446044922
3581890000,-118.838577270508
3588880000,-84.3657684326172
3595870000,-114.621513366699
3602860000,-84.2472991943359
3609850000,-121.709564208984
3616840000,-86.6096115112305
3623830000,-116.339790344238
3630820000,-86.4751968383789
3637810000,-121.490997314453
3644800000,-85.8442611694336
3651790000,-118.786918640137
3658780000,-85.3984985351563
3665770000,-118.854270935059
3672760000,-86.0244979858398
3679750000,-121.210815429688
3686740000,-86.8330383300781
3693730000,-122.018524169922
3700720000,-87.2110748291016
3707710000,-125.489234924316
3714700000,-86.5837249755859
3721690000,-119.383003234863
3728680000,-87.7055358886719
3735670000,-118.80200958252
3742660000,-86.8454895019531
3749650000,-116.571250915527
3756640000,-87.2318649291992
3763630000,-116.136428833008
3770620000,-87.2159957885742
3777610000,-120.634559631348
3784600000,-87.3061599731445
3791590000,-117.09001159668
3798580000,-86.9038162231445
3805570000,-119.092849731445
3812560000,-87.442497253418
3819550000,-123.500526428223
3826540000,-87.2873306274414
3833530000,-118.477546691895
3840520000,-87.4886169433594
3847510000,-118.815002441406
3854500000,-88.0293426513672
3861490000,-121.896476745605
3868480000,-86.8899536132813
3875470000,-120.987236022949
3882460000,-87.6221923828125
3889450000,-117.252288818359
3896440000,-87.4522247314453
3903430000,-118.87036895752
3910420000,-87.5641098022461
3917410000,-118.588485717773
3924400000,-86.7220153808594
3931390000,-124.091400146484
3938380000,-88.4286193847656
3945370000,-121.16178894043
3952360000,-88.235595703125
3959350000,-121.032150268555
3966340000,-87.193962097168
3973330000,-116.544136047363
3980320000,-89.0024948120117
3987310000,-122.007247924805
3994300000,-88.73095703125
4001290000,-124.004928588867
4008280000,-89.1829833984375
4015270000,-122.516593933105
4022260000,-88.4257431030273
4029250000,-123.74520111084
4036240000,-88.8716430664063
4043230000,-117.679725646973
4050220000,-88.6054229736328
4057210000,-122.96785736084
4064200000,-88.6260452270508
4071190000,-122.771812438965
4078180000,-89.1004867553711
4085170000,-122.582405090332
4092160000,-89.5903091430664
4099150000,-121.514022827148
4106140000,-88.2558746337891
4113130000,-117.916069030762
4120120000,-89.5121078491211
4127110000,-121.796119689941
4134100000,-88.1760406494141
4141090000,-119.304916381836
4148080000,-88.3324356079102
4155070000,-119.460090637207
4162060000,-88.6776657104492
4169050000,-123.724166870117
4176040000,-88.8571548461914
4183030000,-118.704429626465
4190020000,-87.5464706420898
4197010000,-119.810440063477
4204000000,-89.6134033203125
4210990000,-118.311737060547
4217980000,-89.4872894287109
4224970000,-121.338447570801
4231960000,-89.5695495605469
4238950000,-128.505737304688
4245940000,-88.0650787353516
4252930000,-119.315223693848
4259920000,-89.5986022949219
4266910000,-119.820907592773
4273900000,-88.4775390625
4280890000,-121.797012329102
4287880000,-89.7331466674805
4294870000,-121.104675292969
4301860000,-89.1265182495117
4308850000,-119.036315917969
4315840000,-89.5026702880859
4322830000,-119.327087402344
4329820000,-88.5079345703125
4336810000,-121.89478302002
4343800000,-88.8525085449219
4350790000,-119.317970275879
4357780000,-89.5784606933594
4364770000,-125.390632629395
4371760000,-90.2111206054688
4378750000,-127.363945007324
4385740000,-89.1529693603516
4392730000,-118.259437561035
4399720000,-89.0294570922852
4406710000,-119.533164978027
4413700000,-89.884407043457
4420690000,-123.433166503906
4427680000,-88.6853408813477
4434670000,-121.958435058594
4441660000,-89.9807281494141
4448650000,-127.011222839355
4455640000,-89.2990493774414
4462630000,-117.738136291504
4469620000,-88.7703018188477
4476610000,-119.08309173584
4483600000,-89.8749008178711
4490590000,-120.405082702637
4497580000,-90.130989074707
4504570000,-123.191452026367
4511560000,-89.06640625
4518550000,-124.018135070801
4525540000,-89.4753723144531
4532530000,-121.793983459473
4539520000,-88.3054351806641
4546510000,-125.62281036377
4553500000,-89.6210327148438
4560490000,-121.243659973145
4567480000,-89.1824798583984
4574470000,-120.827964782715
4581460000,-88.5420074462891
4588450000,-123.273147583008
4595440000,-89.2986831665039
4602430000,-121.721862792969
4609420000,-89.4063110351563
4616410000,-120.298080444336
4623400000,-89.6463623046875
4630390000,-120.213668823242
4637380000,-88.5549697875977
4644370000,-119.375564575195
4651360000,-89.9666748046875
4658350000,-119.653709411621
4665340000,-89.9644012451172
4672330000,-120.426712036133
4679320000,-88.959716796875
4686310000,-120.583320617676
4693300000,-89.288932800293
4700290000,-120.353034973145
4707280000,-88.7103805541992
4714270000,-118.763931274414
4721260000,-89.6577301025391
4728250000,-119.844795227051
4735240000,-88.8906326293945
4742230000,-124.730995178223
4749220000,-89.5865707397461
4756210000,-121.478759765625
4763200000,-88.8368911743164
4770190000,-124.831802368164
4777180000,-89.8050918579102
4784170000,-117.696060180664
4791160000,-88.666618347168
4798150000,-121.889152526855
4805140000,-88.8810806274414
4812130000,-121.539009094238
4819120000,-89.7779541015625
4826110000,-120.442352294922
4833100000,-89.0356826782227
4840090000,-125.512939453125
4847080000,-88.0329971313477
4854070000,-122.537017822266
4861060000,-88.606071472168
4868050000,-120.063583374023
4875040000,-88.910514831543
4882030000,-123.035720825195
4889020000,-88.5389633178711
4896010000,-122.141075134277
4903000000,-89.3565444946289
4909990000,-121.798286437988
4916980000,-89.2581939697266
4923970000,-120.22745513916
4930960000,-88.9642944335938
4937950000,-117.358619689941
4944940000,-88.7143936157227
4951930000,-126.180770874023
4958920000,-89.2435531616211
4965910000,-117.744079589844
4972900000,-88.6814880371094
4979890000,-121.790626525879
4986880000,-88.2245025634766
4993870000,-121.985023498535
5000860000,-89.0159530639648
5007850000,-118.450317382813
5014840000,-86.4615249633789
5021830000,-117.619171142578
5028820000,-88.348388671875
5035810000,-120.080726623535
5042800000,-87.6911773681641
5049790000,-124.617973327637
5056780000,-88.1153335571289
5063770000,-121.694725036621
5070760000,-87.733024597168
5077750000,-118.372802734375
5084740000,-87.5350875854492
5091730000,-122.39404296875
5098720000,-87.9226531982422
5105710000,-122.410484313965
5112700000,-88.2142486572266
5119690000,-124.3505859375
5126680000,-88.5437240600586
5133670000,-116.515899658203
5140660000,-88.7044372558594
5147650000,-123.035835266113
5154640000,-88.0614852905273
5161630000,-117.235008239746
5168620000,-88.6513900756836
5175610000,-119.344451904297
5182600000,-87.7393951416016
5189590000,-118.969551086426
5196580000,-87.9319229125977
5203570000,-122.69319152832
5210560000,-88.689453125
5217550000,-118.738006591797
5224540000,-88.3901977539063
5231530000,-120.158363342285
5238520000,-88.5999908447266
5245510000,-117.784423828125
5252500000,-87.9304275512695
5259490000,-119.160972595215
5266480000,-88.7952423095703
5273470000,-116.665840148926
5280460000,-88.7248077392578
5287450000,-121.063819885254
5294440000,-87.1927947998047
5301430000,-122.186302185059
5308420000,-88.195068359375
5315410000,-120.264442443848
5322400000,-87.8435211181641
5329390000,-118.390106201172
5336380000,-88.3071365356445
5343370000,-122.399627685547
5350360000,-87.0931396484375
5357350000,-117.800361633301
5364340000,-88.7242126464844
5371330000,-115.355072021484
5378320000,-87.7646789550781
5385310000,-124.962158203125
5392300000,-86.1889724731445
5399290000,-130.627548217773
5406280000,-88.0851287841797
5413270000,-119.254119873047
5420260000,-88.22216796875
5427250000,-121.96745300293
5434240000,-88.2093276977539
5441230000,-118.869163513184
5448220000,-88.1487045288086
5455210000,-123.432304382324
5462200000,-87.9336700439453
5469190000,-120.157264709473
5476180000,-88.0330810546875
5483170000,-115.641357421875
5490160000,-88.2138290405273
5497150000,-118.736946105957
5504140000,-87.2738418579102
5511130000,-122.972091674805
5518120000,-86.9587783813477
5525110000,-117.825668334961
5532100000,-86.5939865112305
5539090000,-117.545562744141
5546080000,-87.1639862060547
5553070000,-122.58130645752
5560060000,-86.9146881103516
5567050000,-119.747840881348
5574040000,-87.3525543212891
5581030000,-123.324142456055
5588020000,-87.59765625
5595010000,-118.049293518066
5602000000,-87.5544357299805
5608990000,-121.801170349121
5615980000,-87.5734405517578
5622970000,-118.049736022949
5629960000,-88.0041351318359
5636950000,-118.539222717285
5643940000,-87.5953369140625
5650930000,-119.528266906738
5657920000,-86.6657562255859
5664910000,-123.095474243164
5671900000,-88.1047668457031
5678890000,-119.545997619629
5685880000,-88.2120971679688
5692870000,-122.05256652832
5699860000,-87.7372131347656
5706850000,-121.231597900391
5713840000,-86.9892654418945
5720830000,-115.968757629395
5727820000,-87.8576736450195
5734810000,-119.482971191406
5741800000,-87.0271606445313
5748790000,-126.476013183594
5755780000,-86.6987991333008
5762770000,-117.997871398926
5769760000,-87.7150039672852
5776750000,-119.292205810547
5783740000,-58.8908500671387
5790730000,-118.918182373047
5797720000,-87.9043197631836
5804710000,-132.121932983398
5811700000,-87.0043029785156
5818690000,-121.804389953613
5825680000,-87.4744110107422
5832670000,-117.78938293457
5839660000,-87.2262268066406
5846650000,-117.952255249023
5853640000,-87.5454254150391
5860630000,-123.008811950684
5867620000,-86.7904052734375
5874610000,-120.425148010254
5881600000,-87.6562423706055
5888590000,-121.386245727539
5895580000,-86.7759399414063
5902570000,-118.888816833496
5909560000,-87.2155838012695
5916550000,-120.020126342773
5923540000,-86.6034469604492
5930530000,-121.965721130371
5937520000,-87.6045074462891
5944510000,-121.922927856445
5951500000,-86.9714431762695
5958490000,-117.649848937988
5965480000,-86.4117660522461
5972470000,-117.907020568848
5979460000,-86.8994293212891
5986450000,-119.737823486328
5993440000,-87.5286102294922
6000430000,-117.554611206055
6007420000,-86.0279312133789
6014410000,-122.059188842773
6021400000,-87.0377960205078
6028390000,-121.942100524902
6035380000,-86.2214584350586
6042370000,-118.392066955566
6049360000,-86.8552780151367
6056350000,-119.497009277344
6063340000,-86.4969329833984
6070330000,-122.639030456543
6077320000,-86.9399566650391
6084310000,-117.418510437012
6091300000,-86.9434967041016
6098290000,-119.226211547852
6105280000,-87.3562393188477
6112270000,-121.120758056641
6119260000,-87.2110748291016
6126250000,-120.106559753418
6133240000,-86.1551895141602
6140230000,-122.538192749023
6147220000,-86.6877212524414
6154210000,-121.045677185059
6161200000,-87.1582946777344
6168190000,-118.912689208984
6175180000,-87.0985870361328
6182170000,-121.712753295898
6189160000,-86.4362869262695
6196150000,-119.809463500977
6203140000,-87.7911682128906
6210130000,-122.620918273926
6217120000,-87.8381652832031
6224110000,-118.598190307617
6231100000,-86.4346771240234
6238090000,-118.711669921875
6245080000,-86.3436965942383
6252070000,-115.869125366211
6259060000,-86.6427841186523
6266050000,-115.885627746582
6273040000,-86.3296890258789
6280030000,-122.851112365723
6287020000,-86.0011825561523
6294010000,-116.750701904297
6301000000,-87.1120071411133
6307990000,-116.320518493652
6314980000,-86.6258544921875
6321970000,-120.488166809082
6328960000,-87.2466583251953
6335950000,-116.025856018066
6342940000,-86.8026962280273
6349930000,-123.820755004883
6356920000,-86.7108459472656
6363910000,-119.644760131836
6370900000,-87.4167327880859
6377890000,-117.44263458252
6384880000,-86.5876159667969
6391870000,-117.688613891602
6398860000,-87.1324768066406
6405850000,-117.908378601074
6412840000,-85.4134216308594
6419830000,-118.91089630127
6426820000,-84.458625793457
6433810000,-117.073219299316
6440800000,-86.9936065673828
6447790000,-118.155822753906
6454780000,-87.6766586303711
6461770000,-118.50772857666
6468760000,-86.8193664550781
6475750000,-124.397880554199
6482740000,-87.5317153930664
6489730000,-123.777633666992
6496720000,-86.3932189941406
6503710000,-120.682685852051
6510700000,-86.8717269897461
6517690000,-119.82389831543
6524680000,-86.7647552490234
6531670000,-126.432807922363
6538660000,-86.9188766479492
6545650000,-121.96590423584
6552640000,-86.5146636962891
6559630000,-119.170463562012
6566620000,-86.948371887207
6573610000,-121.879875183105
6580600000,-88.00439453125
6587590000,-118.635475158691
6594580000,-87.0932846069336
6601570000,-119.730842590332
6608560000,-86.8661804199219
6615550000,-119.488876342773
6622540000,-87.3475952148438
6629530000,-117.552268981934
6636520000,-85.6569519042969
6643510000,-119.166297912598
6650500000,-86.3381271362305
6657490000,-120.40478515625
6664480000,-87.1102676391602
6671470000,-119.420616149902
6678460000,-87.0384826660156
6685450000,-123.134429931641
6692440000,-87.0369262695313
6699430000,-123.115646362305
6706420000,-86.0247421264648
6713410000,-120.926361083984
6720400000,-87.0056762695313
6727390000,-118.193603515625
6734380000,-87.1869125366211
6741370000,-120.618911743164
6748360000,-87.2497940063477
6755350000,-117.889801025391
6762340000,-86.2804412841797
6769330000,-118.990310668945
6776320000,-87.2314453125
6783310000,-117.565673828125
6790300000,-85.2620315551758
6797290000,-120.82788848877
6804280000,-86.1133422851563
6811270000,-115.602737426758
6818260000,-84.7967987060547
6825250000,-120.206390380859
6832240000,-85.9627914428711
6839230000,-120.76927947998
6846220000,-85.1408157348633
6853210000,-117.162117004395
6860200000,-86.9884643554688
6867190000,-121.202308654785
6874180000,-85.9703598022461
6881170000,-116.294281005859
6888160000,-86.6225051879883
6895150000,-118.430725097656
6902140000,-86.3116226196289
6909130000,-118.407493591309
6916120000,-87.3771896362305
6923110000,-123.081382751465
6930100000,-85.2340469360352
6937090000,-117.030708312988
6944080000,-86.7469635009766
6951070000,-124.4755859375
6958060000,-85.8597106933594
6965050000,-119.773506164551
6972040000,-86.021240234375
6979030000,-116.374641418457
6986020000,-86.1298980712891
6993010000,-119.782325744629
7000000000,-86.3963394165039
